15087
10632
11441
30818
2439
15876
24011
31903
13183
9943
28980
13316
24431
18201
964
22045
17995
10703
9930
30118
2018
5597
31337
15894
17323
32689
22614
30035
15804
7274
10016
660
13908
3056
28874
20291
3664
14654
21277
14371
2671
30201
1393
26619
28155
27830
21761
13606
30542
4549
31213
26053
8816
12734
5298
21858
27319
5004
26087
31515
27846
6862
1906
15909
15447
17333
2963
20258
24464
22854
2135
29692
9756
5237
2776
1863
21706
21019
16163
579
20635
13785
9092
20957
17774
24861
19395
11666
1961
15019
2162
16447
11141
31576
9665
345
1487
10461
30190
15812
31111
27667
32526
21826
7106
23915
16129
27175
21159
29255
23743
20118
4652
22269
25666
8866
509
15000
4454
7709
20314
29202
28926
587
21062
31095
4675
22132
20560
20282
20709
27851
21064
32441
4733
31730
32079
1211
24803
14162
30313
8959
27628
18649
12821
15028
29152
21610
6040
14523
20226
24000
4941
8618
27095
20458
29685
15444
28217
29188
10787
1473
3732
18881
8571
17642
31366
7682
9163
7557
3083
10873
25691
29934
10907
13886
30770
21343
13229
3677
4211
428
9266
20891
2034
5046
5083
5438
13129
24681
24110
181
5766
9922
23277
24301
4380
28122
155
3253
3421
5319
32294
26466
4219
911
3268
27832
13165
12935
23111
30823
6454
22972
26092
18331
8077
8964
28322
29239
24960
15166
3336
12836
5721
18238
9565
22423
20812
29407
1309
30103
22694
27930
23015
5235
24955
32459
2721
30113
27098
28214
6152
14871
15002
16844
9024
20880
31610
32217
2839
12520
6738
9452
5179
9175
11759
27045
22458
16721
8085
23275
27966
30652
14637
2735
23347
3579
10264
31580
30616
409
1564
26359
11174
5268
22280
3413
32321
27033
18616
9604
26849
15313
28325
4748
3477
19803
15136
4662
16068
16571
23237
30022
16499
928
14842
17657
4955
7567
16982
21009
3612
21493
23002
10391
6596
15639
30579
20363
12913
7404
5325
8860
5154
2108
15710
19805
18264
4000
29075
16763
20652
8820
5607
27506
918
12768
25293
22808
6415
2005
10789
5734
7167
11
15070
22258
31721
30980
25927
13445
26750
30308
24009
14410
17639
3903
13068
133
19791
2970
13991
3002
23956
17315
32451
29949
21663
13923
25414
9651
29674
25993
11955
20222
17314
30247
4104
18133
709
3160
11916
30079
31284
28314
32375
14388
8160
29281
24495
5442
27505
14243
20382
6584
11537
10419
12518
2188
27400
11747
2044
19794
30272
7019
26055
9930
653
26193
4523
11664
29933
20123
1974
29393
25670
272
20857
5657
5014
5619
14278
12480
29054
17594
28875
22125
24370
29239
22945
20557
23621
24616
1940
12820
14659
27624
31604
30892
25879
8956
16099
14673
21591
19782
1742
10632
21973
9626
14029
1367
7176
4629
9349
30512
11278
1278
24623
16187
24709
21476
3036
21821
29298
3736
31777
10591
8036
31832
14530
8390
24458
8573
471
27191
10853
32536
27121
15919
29350
13089
29742
30784
1408
18448
11473
19762
8255
441
27884
17741
29096
29304
17386
9676
20999
2532
3393
26809
24452
6561
23152
5622
1806
30583
1024
30951
17641
16933
4819
9408
25877
5121
21528
15675
32437
26152
31762
13213
5878
5688
10506
27095
23800
4990
31786
28313
27574
3585
27235
32257
23132
13511
13884
1751
3421
2213
21156
12899
30755
5466
2838
1624
10309
26750
6608
3232
13918
7526
14010
14924
2043
27148
4283
31923
22515
32520
687
8687
26267
7795
16768
15095
23307
25296
13481
31501
12139
21349
26869
16045
4454
30811
862
23837
24050
8701
13359
29691
8016
2537
28184
12416
20990
21736
7418
24600
4470
14702
32629
27236
23334
2132
31657
12829
9936
4855
8490
23439
31667
7197
6976
9081
8132
8242
29145
25484
18833
19481
28041
29914
22128
10941
22447
2632
31398
23096
31480
17080
3308
9677
24353
5091
23594
27008
21781
17353
5217
9600
7670
2302
2933
15180
14570
7045
16999
20203
32073
2802
5436
11473
28179
18929
2985
16550
8159
30146
12820
6787
7681
3582
29737
742
4107
30889
26228
17005
2853
6244
5561
28859
14145
21014
32605
20602
14909
32181
12349
3869
5882
20160
27919
27690
32564
3764
17021
27509
10688
2393
4318
27536
24552
29660
10106
302
25534
15007
7534
15749
15185
30310
10468
288
9880
7782
29399
7571
12478
21338
22941
14821
2837
20656
24125
23965
7004
4166
31659
10294
26477
20669
15256
30146
4079
27113
21971
18598
26421
32517
31745
18867
20782
15349
13434
1603
5678
30414
14855
17707
5647
18762
24255
2947
24132
4164
6620
17989
15436
19604
23364
25517
15610
6227
29523
18591
16904
23856
32390
23908
8074
20199
4471
4818
11279
24550
23554
26591
9921
12682
26098
18835
29458
2104
11680
3691
15155
2394
29510
27910
3705
30019
2295
8082
9730
23028
4229
18976
2251
8913
17987
23625
2252
31853
4860
23832
3017
20048
24305
28742
23286
21275
5971
2483
13904
17222
14327
19790
15363
19500
5513
18333
13920
32326
6775
6954
10258
15255
21236
8646
31390
104
25190
32380
5740
11107
27007
16276
19834
5371
9900
13236
16198
23156
4385
14194
19946
15426
14032
28565
18795
1191
30582
11334
24722
30627
29639
27752
4640
15114
30948
24008
23237
1571
31806
26072
7146
14295
29690
17383
21384
16379
26531
12724
16406
6713
27193
14175
4474
29646
4755
21485
11587
4301
4293
30712
24404
19846
29989
15412
28686
31977
22379
4712
18346
3521
26731
21877
9996
23544
18003
22445
9549
2984
6726
4023
31182
5031
7960
16579
333
27724
4728
725
4034
30623
21085
17955
20692
12411
30000
17815
12594
2344
780
27347
7013
3554
27289
2790
7273
8074
7766
11393
28837
15808
10174
28142
23539
30536
21331
10840
31752
23889
28421
26670
236
11366
21086
30186
14840
9081
6545
1915
11617
12484
30283
28241
32432
4875
9383
16482
15496
13706
14580
10255
23606
27607
30613
14442
27865
314
962
18853
6521
26453
24698
25697
26008
27616
8242
29385
5245
31395
26051
4952
18921
12155
28886
7931
7839
6781
11976
4298
23207
31387
1984
24298
29657
5070
261
4197
29354
18289
624
21019
17464
20473
15683
2925
5776
13894
164
17739
16698
8598
28378
19229
24518
26559
17636
2239
11695
25636
20463
8285
26757
29655
16257
7997
23463
6544
5902
16968
29070
2008
29200
14722
18763
12851
23209
24798
4359
30391
7452
11147
17900
6820
10120
28163
13721
11517
9112
8624
23499
5126
3153
13715
11071
29624
8761
11079
18427
20515
23893
17707
10108
27067
14960
7988
13948
30423
32082
21528
11507
19619
10400
24645
9634
26477
28110
14164
31742
3836
813
12762
9879
25540
5289
11921
27507
17011
3288
4319
23654
8831
14564
20487
4423
17019
22601
18936
18685
30208
26681
27734
15959
26311
24971
11385
4016
31519
28867
10293
10397
9216
30931
32306
30915
10750
16922
27887
18519
11766
31605
25558
2612
26315
13033
14065
14307
3534
25032
10307
187
24846
1827
14093
27001
20387
28137
29698
1338
11978
22420
18563
1916
32132
16488
8759
16287
781
16364
4656
23638
22781
32371
24383
9463
28960
25165
23622
27289
19208
28799
13966
6615
31539
19973
25734
23609
29044
420
1162
22178
17408
25309
26563
10534
30779
12181
24735
17695
8180
4214
15811
18988
1964
18583
28743
30918
19636
14072
27392
17882
13889
2149
6727
32698
32655
1710
4996
32133
11465
28754
17924
4789
23449
26681
9506
27803
31146
2505
31309
16148
18666
31013
648
23804
30163
3260
8890
8447
29237
25272
5778
30059
7061
3125
13662
8012
19590
1258
28736
29106
30400
12656
21046
30
22319
22734
20782
31472
27860
2069
16563
31860
1977
31173
973
20481
20675
10171
4955
17094
825
23321
11886
26867
2440
27189
500
11969
2510
27410
101
5162
1860
15478
7540
29467
13792
28419
14207
12621
17239
3167
17
35
12882
21528
4460
14969
15858
7396
29496
24472
9384
9915
18604
31055
28304
1950
12372
11180
3724
24518
7469
14068
18266
28622
2469
27140
21847
2481
2045
6606
3977
20544
7850
9133
5469
19141
7514
2084
24500
17121
26733
11438
3270
22504
10375
7757
6450
22925
21133
17229
12414
14668
7283
10153
22187
1473
1394
23209
21119
2658
30145
15579
27907
31641
13204
31427
30189
13335
24330
10394
3266
30461
2311
7929
7436
4470
16014
18743
7129
2509
10289
2111
19794
20841
22059
17928
24981
25113
13657
25811
2870
14677
31809
11622
9006
25716
23275
30473
22964
28695
19007
8082
9757
13296
12290
17966
16
23872
482
11568
15470
4221
14621
11756
24400
2841
17575
1318
27972
5631
30753
31876
14442
16636
12164
9944
23973
5301
12098
20934
6637
5899
26234
28935
15161
3559
5346
8437
20014
26156
20611
22078
9834
18975
30946
26174
6746
6095
27496
10948
20644
11779
29747
14858
15043
27656
12330
21484
10107
2760
11981
29594
28251
22684
28842
6182
19173
32653
13756
18248
15852
30846
4588
23776
26448
23488
18873
18743
32642
12550
18281
2520
25385
31937
18348
13152
11491
918
18164
32448
17966
21129
25728
7123
12314
4388
3612
8193
10108
12960
22533
6596
27976
25986
6652
21119
5848
16938
13065
5760
1360
9002
20997
9245
1156
31261
992
19476
1362
12678
25396
5217
26565
14440
1412
20228
15979
1518
19384
22371
17347
14583
15361
17498
30140
7804
8696
28047
17473
17174
22032
6122
6738
24101
18483
18985
12147
1593
17338
30580
24428
26702
21399
5661
17444
17616
28713
20152
8836
31556
22472
12330
14882
20952
26826
9251
6350
4068
24685
9350
23022
21158
4694
29020
28577
4385
7245
7365
31783
11870
7346
9450
20712
26023
29171
20739
9784
23408
4712
1987
17169
11367
9316
2759
14896
22138
14958
20408
6861
2408
29209
26654
508
29137
31058
16913
8881
29856
6027
18985
24788
5335
2292
25839
22152
9935
13025
8947
280
4581
8191
26442
16371
6214
22933
13662
32540
15126
19509
3667
13843
454
27103
17525
28092
14009
23680
21699
26309
8930
25180
20596
15061
32453
8530
10718
29836
15979
24167
5464
31057
23821
20851
12668
5740
20700
10201
25926
32748
31884
22196
14861
1536
28309
30608
20819
32385
4444
18083
11274
20392
6873
10452
1383
24813
8353
8865
29777
25188
30724
7699
27087
20161
1166
13552
7270
31562
15463
29499
22259
31975
29105
6698
26041
29009
27641
18529
10167
19506
1665
27233
28496
4473
7934
17960
21605
17124
9410
12211
24336
1768
1892
20620
30847
30765
30890
9051
27087
27297
31579
29296
8763
32303
14770
27551
6726
13712
1606
22180
13048
10013
28112
18094
10867
23529
30933
21275
11873
8006
9989
4862
5671
19650
1512
23393
20205
9415
13158
3959
18294
811
21275
20547
12033
4822
11928
23997
4025
24787
28632
8628
8832
26754
17600
15868
16882
10517
7252
31761
2617
20794
5559
18467
7571
26679
19930
18688
26114
23211
7465
10455
972
9281
9209
31889
24934
3225
32688
25123
21173
12355
31456
31291
20044
13396
6641
25198
18520
20301
31366
22
30929
2674
7006
8436
12532
29182
25922
14445
29676
16048
14498
11641
20730
14395
29991
24759
7541
8866
15991
344
12172
18223
13322
3312
30106
25096
4780
20621
12929
2162
25082
31740
23482
1297
15100
1631
7301
15778
26057
23579
13373
4417
23014
22942
5887
32037
16855
26514
25127
26899
22569
24870
6706
25219
8047
23931
25934
27127
17885
12196
12267
19916
13729
20432
12345
24440
4188
3083
27726
18867
2606
26852
32752
3618
28220
14274
5205
7169
38
6709
23312
3731
18489
10431
2060
24679
22057
29886
10517
22963
11200
4204
10821
29364
15558
18348
10213
305
3779
12476
445
9249
11729
13128
25174
8551
17929
3311
17188
22819
13094
26733
31948
25403
11232
27953
10178
26836
2838
26726
21099
32013
32500
11971
2830
18260
22958
1790
15021
26149
13999
401
3687
23530
3074
16002
6622
26318
7861
29219
1250
11573
30012
13761
16077
30146
1164
19768
26310
28994
24507
28064
13687
27371
16303
19680
1817
25470
14810
29175
11617
22156
7181
9722
2895
7816
10163
2115
11154
3615
3118
24449
23053
25632
19189
11918
30196
27181
19742
2806
31221
17532
8253
27220
8981
22551
25900
14831
3095
3494
14561
10154
30003
26732
9856
24583
6427
5189
14686
27073
18597
25304
13251
6615
21737
8720
20839
19384
5336
21292
1233
19308
4971
17744
3676
2886
8657
19227
8332
11561
11599
31807
8605
3304
10433
18128
15494
7855
2260
1952
19753
23235
3582
13769
15599
29612
7212
5885
6875
11264
22014
10847
13368
28810
19083
27097
4411
1462
12052
14009
3602
3901
17812
30660
11232
15635
6234
895
16671
23030
28377
6304
30749
329
26186
5697
12991
12407
32582
15086
19152
10715
4647
4506
31304
9403
8235
25254
9816
12974
21175
2337
20982
28334
1654
20073
26409
19538
16215
6037
19275
12552
25827
26294
9905
9533
18898
31054
15748
11235
29794
4146
21187
25861
12254
21709
781
30375
27623
20455
19964
28481
791
29912
21991
9190
28402
8992
30679
11038
15131
18815
757
31570
26208
22515
27223
27033
13822
1236
3339
29897
3660
3760
14835
4038
17098
31262
20473
20843
5203
27536
9970
15944
23454
12540
15910
30079
28313
23711
392
4455
1974
17325
4763
19105
695
28985
7590
14580
22354
15761
11075
12595
30953
17787
14111
22758
12478
19833
30038
3315
16391
29081
4226
8019
6090
20171
5508
6356
5566
444
11632
1408
8827
1911
4298
31885
31679
6782
11532
13351
7138
19851
17456
12564
9776
18848
15413
9612
28932
12532
17400
8265
32346
4087
7830
6597
15541
31972
5941
11408
2336
6629
9827
26707
25269
5435
4911
1491
13201
13172
2746
32593
25073
2089
9327
9410
6392
21181
4121
25086
9143
9489
29450
15239
18666
25775
9940
24183
7308
10061
25596
13497
28686
32364
28231
2995
19338
22221
17740
9462
19309
12786
1115
18950
1794
8262
22363
1976
19729
3333
29195
16749
3705
7016
14073
2741
29826
1022
8634
2203
16026
14506
13161
4131
15994
28334
28785
8341
1518
2879
18790
21164
13457
2039
21703
21116
28516
22957
1090
1982
10491
3029
24326
23313
15843
20800
14932
19535
21335
19538
28268
26750
2508
20151
21969
29620
6151
30447
18105
23583
28965
2316
30349
5432
28779
9357
12516
29670
31843
3657
3346
31879
30319
10388
24755
13182
3100
31455
3208
32473
13684
30262
14250
15525
23223
4291
21003
23221
14673
14964
13093
31040
14728
22992
19525
2472
10204
12370
14909
869
14936
6179
24760
3277
9790
14330
8484
22999
29480
4853
25523
5246
28534
15949
21368
16280
11005
9216
9686
17563
21060
19586
26208
23917
30911
3810
29087
29279
17392
13400
22877
19399
2875
21762
27674
8415
29208
31442
23977
11601
30052
28232
1940
6435
20679
18093
20712
5234
9828
6779
24085
27607
24980
24821
31679
292
18020
14973
31495
6395
24305
16016
27905
12009
388
6643
9337
31302
15022
21964
26885
3639
23453
4227
23083
17861
8279
29992
17077
6195
19370
16810
25404
3455
14317
31857
23100
16298
2624
29001
26383
10678
20648
9278
7008
7577
3919
17511
557
13837
5805
4885
12978
31402
7010
6048
12462
25598
16283
17232
3569
10706
11339
4660
17953
23923
4684
20182
15235
27194
4543
7361
4287
7455
6197
17369
31150
26506
2703
21070
8888
3621
14713
18152
24034
14136
8333
3195
20588
11504
21105
20546
19983
3652
19887
3447
21410
17516
10947
9959
6394
29797
22335
17674
7707
12352
20474
29181
2809
17538
29551
20347
13537
13805
31271
23156
29292
29668
15512
11361
23646
3209
13959
26375
23426
371
31410
2603
26713
25213
10800
30389
15288
8420
6460
27403
23222
6497
23523
14108
30491
20267
30062
26762
9995
17079
16914
18212
29558
9571
20268
8433
17356
6746
7387
23211
19444
1567
23818
30905
16934
19255
5078
15987
16541
1488
12001
14475
24420
1298
28713
14859
25917
17629
5855
23400
24005
6241
15630
26944
21172
16847
6347
31857
30105
17271
25942
2079
5980
22220
9300
20310
30157
15164
28001
21981
30002
9640
10835
1054
3144
30936
9943
11501
25036
6487
9591
31584
2867
30299
13499
27483
25755
8188
7670
23282
21864
28123
9704
30163
18340
28697
205
3150
10886
27085
28058
73
2195
17528
1714
14231
25195
19323
2251
28108
20851
18690
14050
11479
27780
19266
10459
10097
6666
4594
334
30671
21128
31303
26786
25301
27398
15701
1999
4080
12272
10629
30358
22066
2059
19203
14868
31063
27350
21636
1166
10494
7384
6039
9564
22113
12637
22223
14830
6377
12284
11059
6842
18494
11067
19817
8516
1091
21539
15884
15582
28671
14920
8948
29380
25687
19208
5851
16484
11461
8081
13632
10626
21095
6009
4485
3099
19572
22001
29133
20997
19315
6273
21265
16669
22347
17321
20349
1068
25853
27642
19486
17902
29812
28347
7601
12927
8154
6673
20504
31059
14307
29327
7043
5739
17482
19799
9855
19198
27942
2939
4777
15657
14308
17580
13597
31344
4114
3392
24830
9560
13787
1285
17911
26550
4084
21864
13830
30766
10914
16005
25541
7915
11113
6186
17422
11900
30252
19112
8747
21387
30185
20715
7480
304
11675
5014
4143
26126
22679
20618
2393
25222
7913
27328
32122
20268
25369
29209
21477
27380
22130
5412
3358
18946
30981
31094
10033
1523
17233
18456
28173
12145
12182
2498
16298
19270
18304
30375
29
10180
9905
25088
14835
8874
954
1052
30078
15787
26277
18606
19483
1860
19057
27145
11635
26993
21479
23983
26865
26728
3175
2478
1687
3438
19734
8060
4092
16992
14727
1630
17531
25142
22389
4147
17913
5371
12183
15280
2087
16153
1156
3186
21932
21085
9527
22505
24130
30796
30138
1493
4870
16176
15329
7021
26315
17308
13335
23244
27181
14041
25295
4848
28396
26892
3255
18236
25024
18179
12486
31738
7148
8087
1590
21395
5456
24452
20097
13457
28459
25652
30470
17877
15509
20487
3968
4376
21313
13955
25342
1527
10425
31934
17914
6907
29851
27623
5796
18918
4451
23286
708
13177
5948
17851
28680
18436
8466
6167
20836
29516
19849
5134
17852
30208
90
17372
31803
1481
7274
7221
11339
32640
7497
31000
31909
20942
6300
3600
2479
32063
29058
12398
30319
4623
13745
16410
4508
4581
19012
25083
3952
20500
18409
10285
25060
29110
26184
22759
12484
12625
24567
14915
12030
13019
16348
19072
32393
12032
2797
30216
6629
28203
18311
2000
7610
29977
24724
7708
9439
17798
13340
4225
14304
2023
22394
19113
30901
17801
23658
30470
25254
24591
16631
23535
7379
17575
14695
4613
17231
23046
27063
5764
3167
13938
6081
26543
28744
32104
14034
6707
32271
1981
19741
27206
24681
15402
17071
15389
29608
6983
12227
25632
795
8172
24906
28892
12495
14997
32502
21541
29237
20614
7420
9148
17410
7237
9644
16618
28070
20171
32538
31553
26901
28481
13486
17631
14555
14504
6832
3980
17963
25790
6281
14719
10342
2745
11648
32317
16791
28969
21104
32244
16785
25207
13360
2279
22328
29310
293
21239
21041
30063
31238
28402
7763
26988
9346
30534
32058
14546
22279
16481
20904
29370
5091
31441
14235
23317
11172
14359
12088
1182
7148
29457
10881
30499
195
29412
9105
15169
15669
9278
11606
5758
16406
13655
27977
20271
15576
32758
21774
15031
12353
24125
31582
30057
25213
14373
32467
28937
18133
24190
21763
8101
14998
2106
27962
16929
20499
8970
12786
2216
15067
31542
7600
7317
17240
31392
15626
161
12834
19844
1719
10678
2956
17664
13729
32448
3022
9484
23424
9229
11470
26940
18636
14692
8732
30532
17533
27571
10003
4622
7608
7240
7648
24899
15603
22603
14187
4798
22520
24932
12586
16268
17767
10033
17622
17796
22951
13305
19374
15361
3206
6390
30853
27225
29942
7930
11835
12406
4352
24059
27902
6239
9408
26271
25951
6056
1401
24049
27332
30414
2760
31597
16302
6503
2956
30112
17729
32327
9230
4230
16741
18366
16539
20013
14894
18515
21546
9476
8118
19357
5247
23671
30670
30210
23895
29218
31717
2036
4706
28599
27421
5832
30875
19493
21028
8541
6707
5439
7887
17762
27650
18111
6371
6113
20698
25540
5727
22243
27605
22347
17158
32005
2213
19328
2887
20411
4609
24663
16423
11939
25120
25417
28305
27078
1219
10902
29180
9517
3087
13224
6597
16462
29115
25617
4343
21335
31130
1136
8061
15479
3317
6677
1631
23132
1281
17520
32124
28574
5320
23809
12899
16374
31436
9688
4997
27466
21472
11854
1641
21850
5764
13591
24558
23398
28157
883
30527
21395
21292
13606
15027
9963
29297
30040
13929
14625
26422
11366
6223
17972
14886
7413
20235
31033
18154
23776
12344
8059
16975
10078
1999
23890
17665
9949
22361
31827
2120
30055
13174
13266
3830
13353
22220
28646
10859
2563
31333
21400
2725
20452
30406
13030
14628
684
16980
22158
26734
8667
2665
13334
30648
17345
31773
23969
32116
21713
22976
21587
28636
14893
15854
14940
10915
14188
26840
11054
1480
7618
14016
13631
18538
4896
27344
13148
26799
26021
4925
25563
25500
9992
6202
3733
30079
7544
3153
486
31369
2771
19588
18759
16031
14744
10202
19533
12202
27074
18333
31228
17201
29913
9647
14750
32398
17098
3460
12095
7817
32122
22800
13403
20954
28902
30829
29825
19077
16428
14168
21438
3446
7776
18583
3504
10199
29478
19070
7581
27438
23758
17649
6107
24882
31054
796
4004
24043
18679
32624
16805
8668
26166
31983
10829
12212
8677
15364
25038
2295
27050
17358
27382
16058
16392
13597
16909
3052
5233
26077
29331
30676
26127
28374
16019
10141
28642
20848
29187
27594
4039
7965
4620
8647
24044
1293
1874
2969
2418
21871
17824
16359
19477
4731
27255
21645
24855
7939
7422
15014
26617
3421
23737
10591
315
14387
15575
16681
31512
10057
5810
15320
3774
32160
13898
19282
25446
8132
15402
2156
13252
15088
31398
874
4957
25703
6589
7050
15868
6724
7241
13394
14651
29016
30651
18330
3609
1398
22027
7856
19620
22111
615
17567
9860
30266
25413
16351
15576
4872
6094
14392
8231
15172
31468
11789
28802
17131
18016
6044
24705
5909
4581
26459
30540
12004
4337
6516
6482
21674
7528
17713
26229
32164
26080
15213
23548
3016
32275
3668
17582
19091
12017
27098
20690
14762
25696
19744
13891
10430
12837
31029
17273
11578
3483
16727
310
20745
7140
12861
16267
18325
2652
23909
24854
13651
7751
15905
25992
4480
13353
25988
31394
835
3396
29562
15610
3877
23269
32698
26438
8444
13243
16448
28108
22790
10241
28449
10037
31086
1363
31468
27199
1794
2440
30044
2415
9698
21177
16133
13316
28294
27145
27510
6206
27591
12686
30375
14780
18969
11288
10912
31195
15899
16500
25608
28202
12449
7996
22202
29746
11372
7580
25614
854
27350
12520
20661
17066
19927
16567
1086
13678
4873
32080
22230
16919
24861
11598
2591
27208
29193
3097
11012
15845
13956
11728
15990
17977
21835
15433
9943
12086
26410
31645
19775
21211
29643
3198
6773
28145
29411
11754
864
24662
14149
27007
2227
28085
9660
11953
19732
7196
18104
32656
25584
29160
22733
3732
27243
26113
7229
4826
19183
12867
154
120
17571
12084
19354
26665
19093
11571
20199
7070
21084
9684
23682
3055
15339
16522
15169
5825
15067
18783
26537
10418
26777
7612
22724
8871
30862
17739
13011
5604
23827
22463
30984
17881
26251
843
23494
9874
31975
7914
22358
27426
22754
24812
29269
28046
13981
11778
19554
5005
20795
1234
5764
11639
14748
10164
30958
1554
28934
17289
12316
18692
1597
1486
21565
32336
670
5712
22630
22094
23863
7126
7868
7376
27998
16195
16778
18212
21729
8434
20849
26512
25171
31387
15872
21705
6852
15198
32279
13665
11404
26363
1629
24341
21399
19471
16204
25916
22637
5863
19616
29801
25929
16288
6674
32733
27852
18887
17340
9361
30337
12917
18184
21375
17020
15141
22730
5599
3733
30853
19396
29207
28438
23128
8439
18660
31521
2947
2586
1693
30696
16957
9822
6750
28997
23499
28574
9192
18951
29337
2492
27652
9912
32097
32501
17418
16867
22262
24775
7853
9456
10493
7702
16297
19639
16067
10907
14689
2248
24574
22258
30034
8059
2604
30047
31191
3050
19941
538
1242
23774
11871
19059
9637
22283
560
27452
7560
29424
32758
21570
3345
15995
2270
20047
10273
2953
26461
8688
25796
24410
18837
26072
13289
13294
28430
12732
16520
21526
16549
22423
18210
8367
32296
7291
18747
15745
9971
29699
17361
3662
23287
15206
11636
20350
29263
16609
24993
8796
18588
31279
10492
14712
10813
20359
16273
18404
21695
1277
19802
12236
4952
28468
23780
32537
17470
5680
12300
7110
27563
29903
19992
23239
4208
4146
9351
1876
21757
29446
5035
9318
19241
21022
5317
26916
19393
1084
2857
28994
21195
25731
21602
23971
5690
3393
2099
44
7594
1128
27915
11729
22116
12905
24047
25167
19431
31249
15997
26506
22859
20382
17272
14288
12574
27695
12658
18264
6298
28263
7821
1470
31793
9725
830
32208
27047
15920
8980
28279
23931
726
21713
17658
16744
19853
12668
20179
14091
16339
31292
18583
26534
22672
25589
257
19955
28798
20935
12522
21240
5362
18691
25359
3698
21255
3126
14169
31804
30213
5874
9304
32027
32044
16137
3407
12488
21393
17523
19404
29701
31072
17737
29722
26221
28792
17200
8260
1369
29303
16994
16064
29378
18387
9575
21443
2454
6042
31747
21275
18599
942
10695
21682
22033
16075
21667
1679
21872
11244
26423
32428
23694
6719
3071
28045
15275
4612
9420
7230
27153
6266
13844
23652
30017
14924
25326
12259
10864
306
19140
1151
26583
25729
6648
28926
1676
31375
13442
26587
13337
22967
27582
24019
12984
13655
4693
24196
17463
10683
3927
2974
27595
18897
27580
3379
21903
5837
25110
8899
21123
29184
26593
13199
14821
6782
20232
15946
28669
14125
23543
19449
13392
9584
11725
6448
20827
25538
7928
18154
16506
2027
16514
20680
7405
325
11046
22040
9649
5055
13139
680
15297
9845
7138
25379
19215
16887
23868
29755
10934
6129
31846
13553
26814
27966
25078
12058
4297
11298
27747
31662
26259
32231
26295
20853
20005
22057
30323
2705
12387
17247
497
29538
891
16671
20736
11244
287
1504
14474
23739
10710
6211
26385
7130
27227
22581
14919
1977
8949
25226
16591
8519
3170
31246
10950
18992
11198
12615
27328
18361
10067
24512
17154
861
11153
30875
23450
9699
10028
13864
1330
20788
11991
5135
11205
29210
29195
32765
10910
27786
27899
1046
29986
4980
11815
13633
32386
18224
6619
30143
18691
26240
6513
17754
6830
4131
31562
28165
19116
18729
2284
10680
7846
13305
24059
32129
9110
3325
12083
12866
29247
4280
16963
32327
20950
3078
2022
16128
3596
2939
21755
21506
11177
30232
3022
3400
32123
795
14334
9997
8191
28093
26249
15927
8072
14227
25055
32434
25887
21758
24359
15267
9443
5557
7517
29176
13013
31777
27557
15075
10272
3699
4480
21030
5801
2100
15999
23845
9791
31151
6101
26448
27305
1132
30562
950
16599
2878
7521
13450
28795
12550
3508
14337
8751
7156
18248
6443
11575
28976
20103
25879
27639
10811
26581
1963
9289
7571
25328
10932
21252
23460
4641
17225
14404
18295
23218
6551
16827
29135
4040
26217
524
29755
9120
24343
16275
25974
2727
2869
368
2204
6751
24647
30273
32382
9551
21810
32719
7182
20810
12862
429
17038
31235
6669
19656
31177
9540
32115
4646
18120
25717
22369
16649
25542
25815
21485
21410
16653
1702
2261
25854
784
19920
32036
26046
22581
9555
27676
25701
17420
14475
12442
32098
12379
22964
12007
1849
20249
23415
12732
8662
3050
18014
4119
18935
31268
3048
16775
18747
1913
26547
12668
26662
20404
30518
19558
15171
25917
29246
31625
12412
28427
17082
19236
30189
15889
14203
10520
1631
25105
29422
7164
31253
1973
21970
16069
14345
29772
1501
23242
26931
22994
24667
439
20549
7008
17795
8433
9573
11429
13896
6335
28451
28001
21133
28673
29621
13849
9282
11964
20494
26625
4315
20355
31275
6628
10417
1020
256
24830
6818
17968
2725
25843
4748
12537
7752
3424
2458
18360
15377
21927
10022
5670
13122
2053
31690
30782
19735
28475
14120
13659
25763
26445
25045
7246
30096
8951
10130
22607
23203
22226
13007
22979
18885
8444
6369
32214
31767
17905
15095
23539
13275
24184
22893
26625
22380
27055
6791
5310
10340
2769
3055
4519
28763
7878
32489
17122
11834
13733
21200
23825
22544
5917
7961
1761
28515
20362
25960
4385
10251
10724
4582
13585
30000
1413
808
9992
309
14775
28971
18358
4480
14527
12898
6439
9516
5465
22336
9484
17424
710
23045
10403
18127
31783
1677
29453
21551
1495
12495
12057
23862
7327
22321
4735
28984
3092
30153
20886
5650
29809
14963
6369
22577
13296
10061
575
24684
30478
19178
26014
29765
24609
16441
3706
21530
28681
22992
8131
9103
18886
30737
10100
23759
4464
29787
19356
31771
22859
21992
16001
16
12631
24999
17022
2412
1785
32307
13800
18473
18926
6900
26521
15254
15975
27105
4164
24152
10627
13546
25585
22407
19426
7475
6984
25887
13672
24256
9544
13143
11657
16628
13685
3107
26760
24164
24972
5879
23272
12681
12295
20926
32579
25855
1095
20357
8269
24591
12962
32444
4698
9801
23774
21163
23194
25345
864
14456
9634
21615
29626
2610
10072
13684
7554
18087
21080
21467
16282
22926
2792
27605
14787
29390
28179
10966
6297
17802
12532
9146
4726
30178
24388
6748
440
1912
3562
20759
15884
3117
4481
30684
5044
17656
11235
23385
10327
5299
23730
14045
30501
28775
9179
10592
28229
7636
18942
2846
3071
4543
3249
12553
8453
25695
29582
10783
11254
6246
31162
22158
6461
18405
1124
10572
31886
28958
16036
27908
31179
17600
9595
30117
10488
22157
16974
15870
7412
28657
13081
25732
32560
63
15306
11070
24340
5092
24071
9916
8366
32516
21444
4763
13734
17362
18786
179
5761
21523
2447
19185
8757
4860
6603
2112
28921
31924
3397
31525
16661
466
23015
32110
19912
1255
5930
14414
6199
648
11358
25264
757
12426
6882
1249
12645
11957
14326
26541
21515
19019
26086
27112
28806
23611
18053
9357
15905
28065
7322
20291
27448
20509
18910
2049
32246
7668
3474
4373
7996
28906
20167
14073
26935
14072
12622
26309
10966
3639
4053
5686
21601
18714
15837
30358
2598
5400
11441
5444
25690
18274
1821
20245
4834
22012
26049
3068
5523
32490
19872
4195
12539
29985
5867
18045
8522
18098
10952
9416
4191
7726
23662
1955
18825
16632
19501
10749
8946
2373
30031
21430
21374
15386
27565
19585
14664
13737
7706
8573
14440
18831
3661
10641
7798
24985
32507
1546
6625
5241
6378
22744
14389
4511
23756
4516
294
4650
20251
32273
8237
8035
28690
1612
8408
9563
6480
32211
14840
15432
24778
5173
12960
19070
12987
15843
30670
5878
31721
24641
689
13211
30879
29633
21602
3131
30538
31712
21436
22427
7911
14475
10416
29718
30808
19480
699
16075
8968
30630
11333
5433
15434
2686
29177
21996
10650
20565
17380
18118
11857
14478
16815
19635
21695
23663
6098
1171
23454
29006
27935
8322
12771
30188
14060
15639
21536
31395
16085
24687
18449
22013
1150
6825
9912
5530
4081
15231
10468
20737
20057
32086
8535
4231
19098
1075
27515
1437
30265
14200
8930
16961
8099
16957
22587
10125
5749
2849
19157
20565
9715
9529
27810
9484
11138
11445
5655
16006
23652
19575
16120
10795
26398
16635
18871
9002
15121
27827
29352
13144
23850
9345
1565
3532
20577
21559
17586
20429
30252
17474
31354
14988
17973
347
27259
9027
15199
26260
17913
12244
21087
19975
24677
16712
30940
13723
10750
573
2022
10835
15960
16743
20958
11103
15928
13275
16445
21045
11118
13670
23686
9260
32703
8316
20228
28070
19181
20971
9428
9180
571
3400
4720
347
4112
24523
31690
17728
16181
9789
6312
23849
28411
22515
6508
20402
26801
25142
20596
20812
17062
18017
9555
12663
19197
11692
20129
28954
24190
30291
8537
30662
9315
5889
16417
27303
5016
11057
854
17014
17404
32089
29001
8065
7386
815
30153
14620
14345
25237
21008
31555
26302
22420
20684
24102
1741
1162
20679
7069
8687
22760
11890
16219
21535
12324
28999
19177
4445
16631
12367
26713
24529
3894
21977
21541
26415
7805
22378
29573
26989
29357
2349
11324
28716
19681
10427
16091
32490
8196
10935
1173
2555
17392
10666
22466
19047
27689
8907
17245
25149
25345
5837
6594
1453
28924
8262
23272
31503
29252
7319
14979
31228
23302
14241
1669
6146
15921
22100
9849
31101
11485
13686
30700
22122
12323
23333
2247
23296
13421
19042
10565
19832
18319
23203
15035
11656
4304
6803
32714
10177
28192
6973
29992
6900
21920
22306
2389
8535
14000
456
10517
24721
22275
10558
7730
27715
27790
31414
18099
4737
9459
26185
17291
7986
31729
23623
9006
3637
31045
753
10253
30029
19395
5564
10715
1058
24961
1084
3585
18794
25430
4861
18369
6985
10973
15073
20651
16872
6625
9528
9240
10733
32523
27052
11943
19318
27932
28493
7792
30971
23358
8096
236
21462
16727
14952
1744
15805
3190
30082
26231
12928
25395
10472
30678
9411
27062
24592
21993
14870
30340
22962
3856
26597
25896
907
32046
8179
18174
2716
18994
31790
3232
21284
11037
314
17599
24880
12898
29402
9387
5109
13371
11497
32386
10676
14518
22637
31774
11547
2602
27419
21770
28656
3648
14636
14890
28617
30643
6795
13066
13311
16630
26822
31544
26438
26711
5061
12967
30410
11666
4637
23162
3337
15266
6835
23697
19463
20032
19662
3724
10739
20577
7928
26424
28854
9817
27431
4969
31830
25482
28913
6280
7552
31152
25224
25796
30767
26531
16336
25621
20299
24628
10293
27092
12111
29957
16550
32563
29103
9834
32560
30052
9658
17903
8910
3667
5476
26102
18766
2776
908
31979
297
19200
28671
12040
3262
32424
4916
5980
14987
29025
1512
32612
24115
9169
25456
31893
29832
2139
3778
31523
32717
12547
8332
18022
8998
30705
1456
9570
23628
2782
24050
23356
16209
9448
11450
3610
2871
19057
19903
7660
23942
26202
26502
12559
28865
9809
18057
11410
905
31204
12140
1441
22977
3267
2418
11237
17599
28672
22797
12217
24426
27172
16996
1359
22650
1715
1125
16782
4496
31032
17065
20758
8376
295
3756
13840
2175
3513
14744
31251
6926
753
24070
16251
10940
5875
8570
3695
1916
11308
7152
21604
26253
26280
9737
14539
1579
32306
19600
15943
12764
18929
30443
31782
18678
21445
24588
13347
4034
6826
21677
11383
3058
13905
18200
24813
20974
7363
5351
1860
1971
11491
12405
10459
13175
21327
22976
19064
7460
6888
17122
25961
25779
30786
29941
7949
13505
11208
22028
7052
17360
10614
29140
28534
10475
25187
14188
26631
8910
24101
32412
30171
31471
1633
4413
10105
7572
22531
1239
27335
6447
22017
32750
19293
20833
15693
29067
12567
1120
10748
25823
5861
4845
29582
11097
13403
12930
13176
21869
29644
25964
32261
8808
68
23735
14868
32585
12879
23043
5034
18388
19941
5802
27108
10633
21250
13149
12778
29862
24536
13273
17433
28234
371
29043
8642
30596
2046
19807
18643
1875
11006
18902
13483
26220
23974
19608
7396
31055
15325
3514
25884
20799
22562
5442
27073
12136
13949
9468
8239
32045
11544
28522
28100
14095
9698
17693
29703
19096
29195
5541
1876
16290
2673
31513
32496
19935
13464
27566
20223
743
22962
16177
14997
18600
15795
18487
21844
6757
7173
15315
7592
183
24901
13164
7267
1250
14965
21303
15906
32492
1193
9144
4610
24661
18960
5449
18252
15556
27664
2549
2671
9279
15993
9863
5087
22990
20370
10000
23472
4285
21948
26297
1704
5140
30234
5373
16407
9002
9184
28054
13093
21497
14226
18775
29238
16459
15676
11581
12391
5719
24969
18134
10092
16614
30891
16836
5174
2527
17804
9521
32320
7069
8038
29246
15653
14865
26223
10382
7220
21130
23865
14717
26138
23027
27838
27917
14732
6006
23261
17318
25135
32325
24946
10226
20134
7194
24966
22924
11687
878
15875
17967
32128
15412
21243
14212
29560
28660
5697
11509
20146
23989
30588
7986
12247
19621
2380
14330
24411
28325
27941
11460
16491
10710
7538
29846
26392
19845
24667
27181
29486
19034
14599
1180
284
13272
26758
62
20951
21284
16102
7613
25154
15806
31568
7868
31956
30873
6017
8292
14125
12674
25132
26247
17433
27238
16706
15963
31908
10443
17484
9811
11564
17394
12516
11096
15314
32492
13723
11517
2602
27957
10703
1372
2136
11985
497
8425
19999
16132
9338
16451
24689
25187
29581
16335
28935
7439
25741
28958
30885
24671
26934
31922
31977
24864
26397
31926
16159
25501
1540
28473
20617
30562
25320
31031
18359
26374
10558
2634
14194
6110
418
3105
27801
2502
32262
19445
30336
32167
24401
31240
9520
22418
3878
30958
23015
20835
7609
17929
26834
6711
25673
31232
11896
25316
22689
8295
28943
13933
29730
14750
24266
24720
31158
20102
3
264
6042
7340
5792
30154
1916
13412
26438
20677
32534
2522
6676
28440
29608
5695
29520
1334
17313
6346
25638
11208
14784
31611
25551
10990
14011
3591
8125
26621
29860
27576
30271
2314
19227
23972
22722
5261
11227
21442
28863
13283
32527
21687
28390
13397
14587
31087
28075
16300
9474
17794
13593
11384
227
15097
4338
30932
12779
179
24542
22728
19137
15422
18642
16517
27641
19320
16206
4025
5960
14990
16669
29629
10337
19346
29611
9240
10666
7496
11459
4392
30923
25287
2959
25222
27115
27755
7152
7777
3955
16440
8270
9936
21393
16137
23022
151
20226
30795
10843
8260
32554
7710
15868
5113
7713
29433
27326
28381
8576
19555
5143
21817
3755
19821
9831
6618
21358
13930
15366
31023
6667
21346
1984
16217
25157
31258
16771
22130
29816
30055
15447
5230
32313
2185
772
22450
24614
24253
28596
752
21524
20664
31470
9960
13177
20102
2813
6095
10717
4377
3859
26185
26616
13880
4604
24507
20064
19294
31613
3748
31674
13665
14322
10154
19003
5876
26742
14864
22749
30123
17234
1408
5718
613
15016
32021
3322
12544
22030
28517
8584
30751
21823
391
1847
16549
30405
27321
8682
22472
28944
32222
31663
30002
13412
12463
12118
12284
769
8944
25683
21620
21231
19551
13996
18883
26863
10022
29012
3531
22527
743
16440
32433
25147
11386
25208
263
29443
14698
21413
3134
31813
15072
4225
2085
5790
28131
18743
26650
19574
24291
30867
24586
4715
17802
5986
22400
4820
12168
23686
3095
18231
22073
22078
26423
8510
4561
3820
29677
11509
28599
26525
14821
26694
24378
20778
11659
4284
8030
19962
5997
28664
27039
30561
28042
6720
29181
22963
12073
31088
5689
12821
21370
9534
27059
32584
6839
11211
681
18409
13456
9561
14354
25800
22353
31792
29467
10627
3415
25838
23536
31613
14789
5769
7415
22009
25301
28444
32644
26078
8550
9553
30896
27336
13371
21739
22973
4215
30224
22263
25608
1261
1039
7085
25250
20688
14088
6441
12380
24215
8691
24991
7435
727
30534
9001
6849
27415
6468
12170
22269
24493
22688
22510
2362
22931
26275
14550
32334
14818
421
26479
13226
11508
6298
325
2272
32277
27028
22470
7712
21163
17892
8754
28231
27230
26250
24299
2876
21304
9392
10480
19861
25763
28261
13619
8957
32656
8645
26917
21862
29018
23339
11485
3468
15395
13441
8890
23156
17627
3755
17100
27742
3119
16093
26183
11653
10407
29042
28442
20550
27054
13556
696
24581
4110
22001
20484
4855
9165
